1
1135.5 12.15 0.447228 2.33873 -0.288746
979.5 202.5 0.199123 2.35821 -0.602626
883.5 21.6 0.0396475 2.35698 -0.327544
7
1918.5 60.75 3.48406 3.88344 -0.227129
1845 140.4 3.31352 3.983 -0.539074
1819.5 52.65 3.21531 4.08712 -0.27161
13
432 4.05 -2.1679 5.88186 -0.163674
316.5 8.1 -2.51625 5.7468 -0.21895
376.5 62.1 -2.39763 5.80849 -0.435891
extra
774 322.65 -1.1114 7.26889 -1.9596
642 310.5 -1.96644 7.78098 -1.99083
903 297 -0.135723 8.10329 -2.01048


1135.5 12.15 0.447228 2.33873 -0.288746
979.5 202.5 0.199123 2.35821 -0.602626
883.5 21.6 0.0396475 2.35698 -0.327544
1918.5 60.75 3.48406 3.88344 -0.227129
1845 140.4 3.31352 3.983 -0.539074
1819.5 52.65 3.21531 4.08712 -0.27161
432 4.05 -2.1679 5.88186 -0.163674
316.5 8.1 -2.51625 5.7468 -0.21895
376.5 62.1 -2.39763 5.80849 -0.435891
774 322.65 -1.1114 7.26889 -1.9596
642 310.5 -1.96644 7.78098 -1.99083
903 297 -0.135723 8.10329 -2.01048
