1590 521.1 2.99633 -1.27057 -0.451398
1698 658.8 2.95802 -1.43165 -0.719158
1861.5 498.15 2.75991 -1.60701 -0.415117
1915.5 518.4 4.28472 -3.13606 -0.400892
1768.5 530.55 4.50724 -2.8369 -0.461983
1824 608.85 4.42714 -2.94237 -0.740341
1305 514.35 7.53036 -2.10964 -0.273239
1327.5 558.9 7.47827 -2.29712 -0.543265
1369.5 510.3 7.33541 -2.50418 -0.270807
1363.5 487.35 3.07039 -0.826518 -0.387129
1161 499.5 3.22433 -0.453776 -0.423328
1231.5 630.45 3.20016 -0.591528 -0.683908
667.5 579.15 4.72063 1.07679 -0.589375
627 500.85 4.68118 1.24955 -0.335537
669 575.1 4.72109 1.08542 -0.589669
622.5 498.15 4.64495 1.24812 -0.333068
741 488.7 4.76282 0.844622 -0.291388
315 540 9.41187 5.55629 -0.38236
372 537.3 9.60139 5.20323 -0.382044
340.5 568.35 9.50892 5.39165 -0.572954
40.5 481.95 4.39228 3.09448 -0.28069
201 476.55 4.63084 2.78841 -0.232349
106.5 565.65 4.51537 3.02773 -0.565835
