1857 504.9 2.76385 -1.60928 -0.415728
1600.5 517.05 3.01722 -1.27853 -0.452426
1692 654.75 2.98544 -1.45976 -0.744641
1912.5 519.75 4.52235 -2.82887 -0.413455
1764 529.2 4.31253 -3.14072 -0.394504
1821 604.8 4.43445 -2.93868 -0.694429
1918.5 502.2 5.93951 -4.74982 -0.265686
1861.5 564.3 6.14841 -4.61221 -0.533698
1816.5 511.65 6.2374 -4.4573 -0.267834
1855.5 513 8.03703 -6.29444 -0.177588
1815 554.85 8.15728 -6.11146 -0.534129
1783.5 522.45 8.27934 -5.98708 -0.17774
1405.5 530.55 10.0891 -3.92897 -0.188386
1377 561.6 10.1916 -3.71824 -0.568622
1357.5 533.25 10.2629 -3.5229 -0.379589
1369.5 510.3 7.51391 -2.11934 -0.272774
1326 554.85 7.48586 -2.28529 -0.543526
1302 515.7 7.34466 -2.49315 -0.270991
1366.5 477.9 5.38221 -1.29768 -0.193083
1311 549.45 5.34068 -1.45935 -0.480389
1269 484.65 5.177 -1.64773 -0.18945
1362 487.35 3.08294 -0.836378 -0.400123
1162.5 506.25 3.23578 -0.44381 -0.424651
1236 630.45 3.20109 -0.601215 -0.683082
742.5 484.65 3.24616 0.478952 -0.369075
544.5 496.8 3.21096 0.914244 -0.464912
630 626.4 3.20723 0.728333 -0.660515
738 498.15 4.67433 1.24822 -0.335143
628.5 502.2 4.73654 0.852131 -0.286421
675 576.45 4.73415 1.1024 -0.625638
708 515.7 6.94334 1.57155 -0.248622
663 561.6 6.92537 1.81428 -0.554676
634.5 517.05 6.95309 1.57377 -0.248973
576 545.4 8.46556 2.92459 -0.469128
597 580.5 8.53351 2.8261 -0.703192
633 542.7 8.60404 2.5581 -0.470165
312 540 9.41028 5.55621 -0.382307
336 572.4 9.51049 5.39254 -0.573052
372 537.3 9.61228 5.1872 -0.382114
175.5 519.75 6.79983 4.59503 -0.286804
211.5 567 6.90778 4.47337 -0.57162
264 518.4 7.01275 4.25556 -0.286665
42 483.3 4.38911 3.10376 -0.280837
108 564.3 4.53237 3.00506 -0.566003
198 473.85 4.64483 2.78027 -0.235821
201 486 2.78512 1.32786 -0.400891
13.5 668.25 2.63312 1.5245 -0.721407
