1590 521.1 2.99633 -1.27057 -0.451398
1590 521.1 2.99633 -1.27057 -0.451398
1590 521.1 2.99633 -1.27057 -0.451398
1915.5 518.4 4.28472 -3.13606 -0.400892
1915.5 518.4 4.28472 -3.13606 -0.400892
1915.5 518.4 4.28472 -3.13606 -0.400892
1305 514.35 7.53036 -2.10964 -0.273239
1305 514.35 7.53036 -2.10964 -0.273239
1305 514.35 7.53036 -2.10964 -0.273239
1363.5 487.35 3.07039 -0.826518 -0.387129
1363.5 487.35 3.07039 -0.826518 -0.387129
1363.5 487.35 3.07039 -0.826518 -0.387129
667.5 579.15 4.72063 1.07679 -0.589375
667.5 579.15 4.72063 1.07679 -0.589375
667.5 579.15 4.72063 1.07679 -0.589375
622.5 498.15 4.64495 1.24812 -0.333068
622.5 498.15 4.64495 1.24812 -0.333068
622.5 498.15 4.64495 1.24812 -0.333068
372 537.3 9.60139 5.20323 -0.382044
372 537.3 9.60139 5.20323 -0.382044
372 537.3 9.60139 5.20323 -0.382044
201 476.55 4.63084 2.78841 -0.232349
201 476.55 4.63084 2.78841 -0.232349
201 476.55 4.63084 2.78841 -0.232349
