1521 206.55 10.3843 -3.99528 -0.389264
1476 248.4 10.5208 -3.80577 -0.777967
1456.5 210.6 10.5519 -3.62157 -0.390309
1516.5 76.95 6.8422 -2.36131 -0.378775
1449 160.65 8.28695 -2.41307 -0.959727
1413 90.45 7.02184 -1.99207 -0.381969
1453.5 67.5 4.83173 -1.26554 -0.740871
418.5 52.65 5.19022 1.44369 -0.656247
462 79.65 7.21705 2.17987 -0.328902
358.5 74.25 7.09819 2.56369 -0.395009
403.5 145.8 7.15293 2.42555 -0.656453
444 151.2 9.34554 3.24608 -0.345988
405 198.45 9.30007 3.4982 -0.69065
369 151.2 9.1848 3.62764 -0.345357
88.5 172.8 10.7886 6.49002 -0.21916
57 218.7 10.7241 6.71567 -0.663521
