1
1879.5 49.95 -1.54409 -1.89129 -0.337929
1600.5 62.1 -1.28527 -2.21479 -0.354683
1599 206.55 -1.38448 -2.0954 -0.615827
2
1782 37.8 -2.80439 -3.13207 -0.257147
1624.5 55.35 -2.54034 -3.44053 -0.261695
1626 140.4 -2.65895 -3.3399 -0.556413
3
1701 59.4 -4.09545 -4.57202 -0.214197
1603.5 66.15 -3.86789 -4.85622 -0.324619
1603.5 121.5 -3.97556 -4.77529 -0.539506
4
1609.5 55.35 -5.69 -6.73937 -0.153353
1552.5 62.1 -5.38369 -7.0189 -0.153801
1549.5 102.6 -5.50772 -6.91346 -0.462958
5
1150.5 72.9 -1.90012 -8.68331 -0.310734
1111.5 75.6 -1.52641 -8.79385 -0.312019
1125 103.95 -1.65963 -8.79702 -0.62201
6
1170 60.75 -1.35441 -6.34594 -0.226508
1135.5 105.3 -1.17711 -6.42879 -0.56763
1114.5 62.1 -0.994719 -6.46219 -0.228244
7
1251 29.7 -1.02679 -3.88691 -0.174785
1159.5 39.15 -0.628628 -3.99757 -0.242806
1180.5 113.4 -0.796557 -4.00258 -0.496102
8
1431 9.45 -0.553724 -1.89836 -0.272019
1206 36.45 -0.153552 -2.00457 -0.312758
1240.5 190.35 -0.306792 -1.96172 -0.540708
9
748.5 149.85 0.930345 -2.19376 -0.554871
10
771 27 1.22154 -3.83791 -0.177122
678 43.2 1.60013 -3.71334 -0.245238
739.5 121.5 1.44522 -3.78882 -0.528276
11
667.5 41.85 2.57024 -6.0483 -0.114107
610.5 47.25 2.94045 -5.86029 -0.228887
654 95.85 2.80039 -5.9442 -0.45591
12
612 54 4.37026 -8.7164 -0.169595
573 59.4 4.7107 -8.52233 -0.169368
601.5 90.45 4.55756 -8.58697 -0.509351
13
396 86.4 7.3508 -9.19004 -0.411791
358.5 56.7 7.45471 -9.13043 -0.205144
14
307.5 41.85 5.93204 -6.79389 -0.156829
369 40.5 5.53537 -6.97736 -0.154859
358.5 85.05 5.74748 -6.85913 -0.468721
15
196.5 5.4 3.66267 -3.82951 -0.138289
48 10.8 3.99739 -3.58107 -0.187133
184.5 97.2 3.88315 -3.72137 -0.466586
16
19.5 253.8 2.0797 -1.64361 -0.651739
34.5 24.3 1.90802 -1.81446 -0.318397

1879.5 49.95 -1.54409 -1.89129 -0.337929
1600.5 62.1 -1.28527 -2.21479 -0.354683
1599 206.55 -1.38448 -2.0954 -0.615827
1782 37.8 -2.80439 -3.13207 -0.257147
1624.5 55.35 -2.54034 -3.44053 -0.261695
1626 140.4 -2.65895 -3.3399 -0.556413
1701 59.4 -4.09545 -4.57202 -0.214197
1603.5 66.15 -3.86789 -4.85622 -0.324619
1603.5 121.5 -3.97556 -4.77529 -0.539506
1609.5 55.35 -5.69 -6.73937 -0.153353
1552.5 62.1 -5.38369 -7.0189 -0.153801
1549.5 102.6 -5.50772 -6.91346 -0.462958
1150.5 72.9 -1.90012 -8.68331 -0.310734
1111.5 75.6 -1.52641 -8.79385 -0.312019
1125 103.95 -1.65963 -8.79702 -0.62201
1170 60.75 -1.35441 -6.34594 -0.226508
1135.5 105.3 -1.17711 -6.42879 -0.56763
1114.5 62.1 -0.994719 -6.46219 -0.228244
1251 29.7 -1.02679 -3.88691 -0.174785
1159.5 39.15 -0.628628 -3.99757 -0.242806
1180.5 113.4 -0.796557 -4.00258 -0.496102
1431 9.45 -0.553724 -1.89836 -0.272019
1206 36.45 -0.153552 -2.00457 -0.312758
1240.5 190.35 -0.306792 -1.96172 -0.540708
748.5 149.85 0.930345 -2.19376 -0.554871
771 27 1.22154 -3.83791 -0.177122
678 43.2 1.60013 -3.71334 -0.245238
739.5 121.5 1.44522 -3.78882 -0.528276
667.5 41.85 2.57024 -6.0483 -0.114107
610.5 47.25 2.94045 -5.86029 -0.228887
654 95.85 2.80039 -5.9442 -0.45591
612 54 4.37026 -8.7164 -0.169595
573 59.4 4.7107 -8.52233 -0.169368
601.5 90.45 4.55756 -8.58697 -0.509351
396 86.4 7.3508 -9.19004 -0.411791
358.5 56.7 7.45471 -9.13043 -0.205144
307.5 41.85 5.93204 -6.79389 -0.156829
369 40.5 5.53537 -6.97736 -0.154859
358.5 85.05 5.74748 -6.85913 -0.468721
196.5 5.4 3.66267 -3.82951 -0.138289
48 10.8 3.99739 -3.58107 -0.187133
184.5 97.2 3.88315 -3.72137 -0.466586
19.5 253.8 2.0797 -1.64361 -0.651739
34.5 24.3 1.90802 -1.81446 -0.318397
