1
1669.5 98.55 1.25519 1.27979 -0.390091
2
1600.5 116.1 2.47777 2.59287 -0.466684
1588.5 14.85 2.36414 2.7202 -0.24897
3
1695 35.1 3.80796 3.71015 -0.234232
1573.5 47.25 3.53108 4.02739 -0.236434
1572 121.5 3.64275 3.9125 -0.556329
4
1587 51.3 5.19635 5.78125 -0.27159
1512 112.05 5.19635 5.78125 -0.27159
1510.5 62.1 4.86787 6.02256 -0.270553
7
1224 78.3 3.40278 8.07311 -0.306249
1194 113.4 3.14806 8.16724 -0.608116
1188 81 2.99997 8.2212 -0.305916
8
1119 55.35 1.65779 5.91569 -0.21439
1080 109.35 1.46038 6.0003 -0.536182
1060.5 63.45 1.26445 6.02482 -0.214829
9
1057.5 4.05 0.810712 3.09065 -0.138578
994.5 112.05 0.58743 3.15917 -0.473527
946.5 14.85 0.422079 3.15275 -0.191286
10
673.5 5.4 -0.28037 2.42735 -0.211196
618 145.8 -0.513016 2.36798 -0.510487
487.5 6.75 -0.665028 2.31105 -0.245625
11
624 18.9 -1.14781 4.1281 -0.149152
594 109.35 -1.38604 4.03976 -0.443738
525 22.95 -1.54292 4.0291 -0.185396
12
640.5 56.7 -2.25077 6.75811 -0.123731
586.5 63.45 -2.57618 6.5909 -0.247134
627 105.3 -2.45088 6.65067 -0.491977
13
618 62.1 -3.27728 8.66145 -0.161043
577.5 68.85 -3.65185 8.4705 -0.160406
607.5 98.55 -3.48247 8.50795 -0.481564
14
108 35.1 -6.3638 6.69947 -0.160686
28.5 39.15 -6.64559 6.4337 -0.160851
105 86.4 -6.51921 6.52997 -0.483358

1669.5 98.55 1.25519 1.27979 -0.390091
1600.5 116.1 2.47777 2.59287 -0.466684
1588.5 14.85 2.36414 2.7202 -0.24897
1695 35.1 3.80796 3.71015 -0.234232
1573.5 47.25 3.53108 4.02739 -0.236434
1572 121.5 3.64275 3.9125 -0.556329
1587 51.3 5.19635 5.78125 -0.27159
1512 112.05 5.19635 5.78125 -0.27159
1510.5 62.1 4.86787 6.02256 -0.270553
1224 78.3 3.40278 8.07311 -0.306249
1194 113.4 3.14806 8.16724 -0.608116
1188 81 2.99997 8.2212 -0.305916
1119 55.35 1.65779 5.91569 -0.21439
1080 109.35 1.46038 6.0003 -0.536182
1060.5 63.45 1.26445 6.02482 -0.214829
1057.5 4.05 0.810712 3.09065 -0.138578
994.5 112.05 0.58743 3.15917 -0.473527
946.5 14.85 0.422079 3.15275 -0.191286
673.5 5.4 -0.28037 2.42735 -0.211196
618 145.8 -0.513016 2.36798 -0.510487
487.5 6.75 -0.665028 2.31105 -0.245625
624 18.9 -1.14781 4.1281 -0.149152
594 109.35 -1.38604 4.03976 -0.443738
525 22.95 -1.54292 4.0291 -0.185396
640.5 56.7 -2.25077 6.75811 -0.123731
586.5 63.45 -2.57618 6.5909 -0.247134
627 105.3 -2.45088 6.65067 -0.491977
618 62.1 -3.27728 8.66145 -0.161043
577.5 68.85 -3.65185 8.4705 -0.160406
607.5 98.55 -3.48247 8.50795 -0.481564
108 35.1 -6.3638 6.69947 -0.160686
28.5 39.15 -6.64559 6.4337 -0.160851
105 86.4 -6.51921 6.52997 -0.483358
