1
1885.5 101.25 -1.89909 1.7678 -0.496455
2
1878 70.2 -2.96175 3.10543 -0.486837
3
1800 58.05 -4.48187 4.63654 -0.447387
4
1699.5 47.25 -6.61178 6.21966 -0.475482
1698 8.1 -6.73213 6.0997 -0.157967
5
1239 41.85 -9.54442 3.22496 -0.17525
1204.5 47.25 -9.70109 2.88796 -0.176074
6
1236 22.95 -6.75481 2.19234 -0.123357
1185 32.4 -6.94172 1.81836 -0.124655
1200 75.6 -6.86921 1.98771 -0.374189
7
1258.5 2.7 -4.1698 1.36144 -0.114308
1168.5 9.45 -4.32778 0.980153 -0.154512
1195.5 75.6 -4.29522 1.15704 -0.423849
8
1143 10.8 -2.47891 0.453112 -0.304554
1186.5 148.5 -2.44267 0.624301 -0.57483
9
517.5 4.05 -2.33699 -0.981996 -0.240078
658.5 130.95 -2.38633 -0.829426 -0.529216
10
691.5 14.85 -4.23599 -1.3697 -0.115971
604.5 21.6 -4.12479 -1.75547 -0.192423
669 93.15 -4.16713 -1.61964 -0.464682
11
712.5 36.45 -5.99247 -1.98334 -0.109576
652.5 44.55 -5.86822 -2.37445 -0.165367
693 94.5 -5.92492 -2.21895 -0.438892
12
690 63.45 -8.44927 -3.24784 -0.1574
651 71.55 -8.26569 -3.62013 -0.315469
678 99.9 -8.38005 -3.44638 -0.474628
13
340.5 66.15 -8.13522 -6.73858 -0.183786
291 75.6 -7.95036 -7.09076 -0.185346
336 108 -8.03357 -6.92434 -0.555855
14
250.5 51.3 -6.25179 -5.59456 -0.145838
183 63.45 -5.98061 -5.92313 -0.146322
250.5 106.65 -6.10685 -5.76715 -0.43984
15
60 24.3 -4.11999 -4.24089 -0.154388
66 121.5 -3.98328 -4.40403 -0.458899

1885.5 101.25 -1.89909 1.7678 -0.496455
1878 70.2 -2.96175 3.10543 -0.486837
1800 58.05 -4.48187 4.63654 -0.447387
1699.5 47.25 -6.61178 6.21966 -0.475482
1698 8.1 -6.73213 6.0997 -0.157967
1239 41.85 -9.54442 3.22496 -0.17525
1204.5 47.25 -9.70109 2.88796 -0.176074
1236 22.95 -6.75481 2.19234 -0.123357
1185 32.4 -6.94172 1.81836 -0.124655
1200 75.6 -6.86921 1.98771 -0.374189
1258.5 2.7 -4.1698 1.36144 -0.114308
1168.5 9.45 -4.32778 0.980153 -0.154512
1195.5 75.6 -4.29522 1.15704 -0.423849
1143 10.8 -2.47891 0.453112 -0.304554
1186.5 148.5 -2.44267 0.624301 -0.57483
517.5 4.05 -2.33699 -0.981996 -0.240078
658.5 130.95 -2.38633 -0.829426 -0.529216
691.5 14.85 -4.23599 -1.3697 -0.115971
604.5 21.6 -4.12479 -1.75547 -0.192423
669 93.15 -4.16713 -1.61964 -0.464682
712.5 36.45 -5.99247 -1.98334 -0.109576
652.5 44.55 -5.86822 -2.37445 -0.165367
693 94.5 -5.92492 -2.21895 -0.438892
690 63.45 -8.44927 -3.24784 -0.1574
651 71.55 -8.26569 -3.62013 -0.315469
678 99.9 -8.38005 -3.44638 -0.474628
340.5 66.15 -8.13522 -6.73858 -0.183786
291 75.6 -7.95036 -7.09076 -0.185346
336 108 -8.03357 -6.92434 -0.555855
250.5 51.3 -6.25179 -5.59456 -0.145838
183 63.45 -5.98061 -5.92313 -0.146322
250.5 106.65 -6.10685 -5.76715 -0.43984
60 24.3 -4.11999 -4.24089 -0.154388
66 121.5 -3.98328 -4.40403 -0.458899
