1864.5 95.85 -1.32213 -1.70695 -0.185489
1488 54 -0.886384 -2.09287 -0.19542
1497 298.35 -0.938839 -2.10046 -0.606697
1785 349.65 -1.28606 -1.79079 -0.580994
373.5 112.05 0.961802 -2.05956 -0.287519
360 364.5 0.993234 -1.99355 -0.6283
91.5 436.05 1.43107 -1.76178 -0.640467
28.5 187.65 1.46583 -1.76762 -0.277265
1791 126.9 -1.23738 -1.78 -0.242569
1528.5 120.15 -0.938283 -2.04332 -0.292474
1615.5 288.9 -1.09278 -1.9508 -0.549758
1647 132.3 -4.96505 -6.73791 -0.145489
1609.5 168.75 -4.81914 -6.87196 -0.439512
1590 129.6 -4.67424 -6.98941 -0.146165
1272 156.6 -0.55855 -2.29636 -0.411675
1053 153.9 -0.181174 -2.43142 -0.450602
1132.5 288.9 -0.325285 -2.39885 -0.683767
567 87.75 0.737315 -2.41939 -0.261569
376.5 132.3 1.14773 -2.35055 -0.270351
460.5 263.25 0.985555 -2.37042 -0.583748
673.5 90.45 1.48053 -6.00752 -0.215925
631.5 151.2 1.71806 -5.9824 -0.54043
603 102.6 1.88983 -5.94084 -0.217569
300 155.25 1.04863 -2.00129 -0.311876
187.5 365.85 1.2713 -1.86342 -0.615523
73.5 236.25 1.38993 -1.77969 -0.352561
1785 128.25 -1.24041 -1.77466 -0.242461
1612.5 282.15 -1.0951 -1.96002 -0.556714
1528.5 120.15 -0.940811 -2.06074 -0.279772
1687.5 130.95 -2.3617 -3.29944 -0.176423
1567.5 120.15 -2.10214 -3.61255 -0.248471
1603.5 203.85 -2.22545 -3.51257 -0.505547
1666.5 130.95 -3.49852 -4.74217 -0.149165
1587 124.2 -3.20286 -5.03663 -0.208252
1611 182.25 -3.343 -4.96079 -0.467084
1648.5 135 -4.97269 -6.72655 -0.145409
1611 171.45 -4.79471 -6.88751 -0.439446
1588.5 130.95 -4.67188 -7.01196 -0.146471
1192.5 86.4 -2.24546 -9.67234 -0.172719
1164 117.45 -2.02707 -9.73661 -0.521122
1146 85.05 -1.86356 -9.79617 -0.173457
1206 71.55 -1.68937 -7.04786 -0.125903
1168.5 114.75 -1.47474 -7.15478 -0.382297
1144.5 72.9 -1.30951 -7.22223 -0.127517
1233 99.9 -1.20669 -4.73694 -0.302113
1174.5 160.65 -0.977918 -4.82254 -0.59905
1135.5 99.9 -0.801977 -4.86705 -0.34165
1273.5 155.25 -0.568928 -2.29171 -0.410217
1134 301.05 -0.33371 -2.39887 -0.684149
1053 157.95 -0.177911 -2.43278 -0.467345
568.5 82.35 0.741257 -2.4219 -0.261976
367.5 129.6 1.1432 -2.35919 -0.270318
457.5 256.5 0.981557 -2.38154 -0.586491
631.5 81 1.05933 -3.8825 -0.242026
564 176.85 1.30368 -3.86723 -0.529594
513 106.65 1.45706 -3.83329 -0.248723
675 89.1 1.47933 -6.00268 -0.215749
630 144.45 1.73349 -5.99598 -0.487438
600 103.95 1.89288 -5.95095 -0.217941
628.5 106.65 2.48906 -8.42771 -0.307183
600 145.8 2.74657 -8.39382 -0.613613
577.5 118.8 2.89888 -8.30031 -0.307336
298.5 155.25 6.15582 -9.04732 -0.190407
277.5 190.35 6.35361 -8.92103 -0.57407
259.5 168.75 6.47477 -8.86942 -0.191076
241.5 160.65 4.3799 -5.93637 -0.128167
207 216 4.58928 -5.82628 -0.514911
181.5 178.2 4.75317 -5.73548 -0.260206
207 159.3 2.73921 -3.72173 -0.203747
157.5 252.45 2.98581 -3.62915 -0.532769
108 180.9 3.10265 -3.51869 -0.204246
307.5 160.65 1.05247 -2.00154 -0.313536
192 373.95 1.2601 -1.86453 -0.613394
73.5 234.9 1.39252 -1.77868 -0.352152
1501.5 71.55 -4.68346 -8.43695 0.167827
1681.5 82.35 -6.77493 -8.42785 0.376409
1186.5 245.7 -2.60902 -11.1103 -1.80411
1470 311.85 -4.71214 -8.4417 -1.86895
582 319.95 3.04692 -8.4117 -1.89589
618 311.85 2.87958 -8.75533 -1.95337
121.5 328.05 9.45498 -9.40409 -1.39325
18 349.65 11.1574 -9.3086 -1.51844
196.5 128.25 9.33656 -11.1379 0.506304
1665 332.1 -6.86921 -8.40997 -1.90857
114 175.5 9.62155 -9.80342 0.239156
787.5 213.3 2.47472 -14.5392 -2.06263
