537 324 3.5454 -8.64646 -1.98069
463.5 313.2 4.59695 -9.25677 -1.99847
780 217.35 2.47602 -14.5365 -2.06228
1195.5 252.45 -2.67518 -11.0386 -1.7955
1183.5 157.95 -2.51049 -11.0922 -0.989964
1302 288.9 -3.34673 -9.6772 -1.9799
1785 128.25 -1.24041 -1.77466 -0.242461
1612.5 282.15 -1.0951 -1.96002 -0.556714
1528.5 120.15 -0.940811 -2.06074 -0.279772
307.5 160.65 1.05247 -2.00154 -0.313536
192 373.95 1.2601 -1.86453 -0.613394
73.5 234.9 1.39252 -1.77868 -0.352152
1648.5 135 -4.97269 -6.72655 -0.145409
1611 171.45 -4.79471 -6.88751 -0.439446
1588.5 130.95 -4.67188 -7.01196 -0.146471
298.5 155.25 6.15582 -9.04732 -0.190407
277.5 190.35 6.35361 -8.92103 -0.57407
259.5 168.75 6.47477 -8.86942 -0.191076
