1
1785 128.25 -1.24041 -1.77466 -0.242461
1612.5 282.15 -1.0951 -1.96002 -0.556714
1528.5 120.15 -0.940811 -2.06074 -0.279772
2
1687.5 130.95 -2.3617 -3.29944 -0.176423
1567.5 120.15 -2.10214 -3.61255 -0.248471
1603.5 203.85 -2.22545 -3.51257 -0.505547
3
1666.5 130.95 -3.49852 -4.74217 -0.149165
1587 124.2 -3.20286 -5.03663 -0.208252
1611 182.25 -3.343 -4.96079 -0.467084
4
1648.5 135 -4.97269 -6.72655 -0.145409
1611 171.45 -4.79471 -6.88751 -0.439446
1588.5 130.95 -4.67188 -7.01196 -0.146471
5
1192.5 86.4 -2.24546 -9.67234 -0.172719
1164 117.45 -2.02707 -9.73661 -0.521122
1146 85.05 -1.86356 -9.79617 -0.173457
6
1206 71.55 -1.68937 -7.04786 -0.125903
1168.5 114.75 -1.47474 -7.15478 -0.382297
1144.5 72.9 -1.30951 -7.22223 -0.127517
7
1233 99.9 -1.20669 -4.73694 -0.302113
1174.5 160.65 -0.977918 -4.82254 -0.59905
1135.5 99.9 -0.801977 -4.86705 -0.34165
8
1273.5 155.25 -0.568928 -2.29171 -0.410217
1134 301.05 -0.33371 -2.39887 -0.684149
1053 157.95 -0.177911 -2.43278 -0.467345
9
568.5 82.35 0.741257 -2.4219 -0.261976
367.5 129.6 1.1432 -2.35919 -0.270318
457.5 256.5 0.981557 -2.38154 -0.586491
10
631.5 81 1.05933 -3.8825 -0.242026
564 176.85 1.30368 -3.86723 -0.529594
513 106.65 1.45706 -3.83329 -0.248723
11
675 89.1 1.47933 -6.00268 -0.215749
630 144.45 1.73349 -5.99598 -0.487438
600 103.95 1.89288 -5.95095 -0.217941
12
628.5 106.65 2.48906 -8.42771 -0.307183
600 145.8 2.74657 -8.39382 -0.613613
577.5 118.8 2.89888 -8.30031 -0.307336
13
298.5 155.25 6.15582 -9.04732 -0.190407
277.5 190.35 6.35361 -8.92103 -0.57407
259.5 168.75 6.47477 -8.86942 -0.191076
14
241.5 160.65 4.3799 -5.93637 -0.128167
207 216 4.58928 -5.82628 -0.514911
181.5 178.2 4.75317 -5.73548 -0.260206
15
207 159.3 2.73921 -3.72173 -0.203747
157.5 252.45 2.98581 -3.62915 -0.532769
108 180.9 3.10265 -3.51869 -0.204246
16
307.5 160.65 1.05247 -2.00154 -0.313536
192 373.95 1.2601 -1.86453 -0.613394
73.5 234.9 1.39252 -1.77868 -0.352152

1785 128.25 -1.24041 -1.77466 -0.242461
1612.5 282.15 -1.0951 -1.96002 -0.556714
1528.5 120.15 -0.940811 -2.06074 -0.279772
1687.5 130.95 -2.3617 -3.29944 -0.176423
1567.5 120.15 -2.10214 -3.61255 -0.248471
1603.5 203.85 -2.22545 -3.51257 -0.505547
1666.5 130.95 -3.49852 -4.74217 -0.149165
1587 124.2 -3.20286 -5.03663 -0.208252
1611 182.25 -3.343 -4.96079 -0.467084
1648.5 135 -4.97269 -6.72655 -0.145409
1611 171.45 -4.79471 -6.88751 -0.439446
1588.5 130.95 -4.67188 -7.01196 -0.146471
1192.5 86.4 -2.24546 -9.67234 -0.172719
1164 117.45 -2.02707 -9.73661 -0.521122
1146 85.05 -1.86356 -9.79617 -0.173457
1206 71.55 -1.68937 -7.04786 -0.125903
1168.5 114.75 -1.47474 -7.15478 -0.382297
1144.5 72.9 -1.30951 -7.22223 -0.127517
1233 99.9 -1.20669 -4.73694 -0.302113
1174.5 160.65 -0.977918 -4.82254 -0.59905
1135.5 99.9 -0.801977 -4.86705 -0.34165
1273.5 155.25 -0.568928 -2.29171 -0.410217
1134 301.05 -0.33371 -2.39887 -0.684149
1053 157.95 -0.177911 -2.43278 -0.467345
568.5 82.35 0.741257 -2.4219 -0.261976
367.5 129.6 1.1432 -2.35919 -0.270318
457.5 256.5 0.981557 -2.38154 -0.586491
631.5 81 1.05933 -3.8825 -0.242026
564 176.85 1.30368 -3.86723 -0.529594
513 106.65 1.45706 -3.83329 -0.248723
675 89.1 1.47933 -6.00268 -0.215749
630 144.45 1.73349 -5.99598 -0.487438
600 103.95 1.89288 -5.95095 -0.217941
628.5 106.65 2.48906 -8.42771 -0.307183
600 145.8 2.74657 -8.39382 -0.613613
577.5 118.8 2.89888 -8.30031 -0.307336
298.5 155.25 6.15582 -9.04732 -0.190407
277.5 190.35 6.35361 -8.92103 -0.57407
259.5 168.75 6.47477 -8.86942 -0.191076
241.5 160.65 4.3799 -5.93637 -0.128167
207 216 4.58928 -5.82628 -0.514911
181.5 178.2 4.75317 -5.73548 -0.260206
207 159.3 2.73921 -3.72173 -0.203747
157.5 252.45 2.98581 -3.62915 -0.532769
108 180.9 3.10265 -3.51869 -0.204246
307.5 160.65 1.05247 -2.00154 -0.313536
192 373.95 1.2601 -1.86453 -0.613394
73.5 234.9 1.39252 -1.77868 -0.352152
