1
1791 126.9 -1.23738 -1.78 -0.242569
1528.5 120.15 -0.938283 -2.04332 -0.292474
1615.5 288.9 -1.09278 -1.9508 -0.549758
4
1647 132.3 -4.96505 -6.73791 -0.145489
1609.5 168.75 -4.81914 -6.87196 -0.439512
1590 129.6 -4.67424 -6.98941 -0.146165
5x
1192.5 85.05 -2.24749 -9.67639 -0.172795
1165.5 114.75 -2.00975 -9.74293 -0.521264
1149 83.7 -1.87963 -9.78593 -0.173333
8
1272 156.6 -0.55855 -2.29636 -0.411675
1053 153.9 -0.181174 -2.43142 -0.450602
1132.5 288.9 -0.325285 -2.39885 -0.683767
9
567 87.75 0.737315 -2.41939 -0.261569
376.5 132.3 1.14773 -2.35055 -0.270351
460.5 263.25 0.985555 -2.37042 -0.583748
11
673.5 90.45 1.48053 -6.00752 -0.215925
631.5 151.2 1.71806 -5.9824 -0.54043
603 102.6 1.88983 -5.94084 -0.217569
16
300 155.25 1.04863 -2.00129 -0.311876
187.5 365.85 1.2713 -1.86342 -0.615523
73.5 236.25 1.38993 -1.77969 -0.352561
extra
621 386.1 2.03038 -6.28085 -1.8816
678 379.35 1.71708 -6.40054 -1.88903
643.5 305.1 1.85996 -6.26726 -1.2616
1606.5 426.6 -3.7333 -5.17881 -1.81948
1564.5 413.1 -3.57023 -5.39754 -1.8445
1597.5 344.25 -3.56276 -5.13097 -1.20518

1791 126.9 -1.23738 -1.78 -0.242569
1528.5 120.15 -0.938283 -2.04332 -0.292474
1615.5 288.9 -1.09278 -1.9508 -0.549758
1272 156.6 -0.55855 -2.29636 -0.411675
1053 153.9 -0.181174 -2.43142 -0.450602
1132.5 288.9 -0.325285 -2.39885 -0.683767
567 87.75 0.737315 -2.41939 -0.261569
376.5 132.3 1.14773 -2.35055 -0.270351
460.5 263.25 0.985555 -2.37042 -0.583748
300 155.25 1.04863 -2.00129 -0.311876
187.5 365.85 1.2713 -1.86342 -0.615523
73.5 236.25 1.38993 -1.77969 -0.352561
1647 132.3 -4.96505 -6.73791 -0.145489
1609.5 168.75 -4.81914 -6.87196 -0.439512
1590 129.6 -4.67424 -6.98941 -0.146165
673.5 90.45 1.48053 -6.00752 -0.215925
631.5 151.2 1.71806 -5.9824 -0.54043
603 102.6 1.88983 -5.94084 -0.217569
1192.5 85.05 -2.24749 -9.67639 -0.172795
1165.5 114.75 -2.00975 -9.74293 -0.521264
1149 83.7 -1.87963 -9.78593 -0.173333
621 386.1 2.03038 -6.28085 -1.8816
678 379.35 1.71708 -6.40054 -1.88903
643.5 305.1 1.85996 -6.26726 -1.2616
1606.5 426.6 -3.7333 -5.17881 -1.81948
1564.5 413.1 -3.57023 -5.39754 -1.8445
1597.5 344.25 -3.56276 -5.13097 -1.20518


