1777.5 9.45 -2.4528 1.26678 -0.190134
1518 20.25 -2.65966 0.974532 -0.195439
1593 186.3 -2.55972 1.11178 -0.461423
1917 58.05 -3.59855 2.51613 -0.152879
1734 75.6 -3.8676 2.22038 -0.15529
1777.5 176.85 -3.83227 2.35809 -0.507968
1332 98.55 -7.50473 2.16467 -0.0814205
1263 109.35 -7.62237 1.78404 -0.136043
1288.5 147.15 -7.57119 1.94859 -0.409253
1362 121.5 -2.78792 0.753654 -0.351545
1149 133.65 -2.89487 0.355671 -0.378666
1219.5 284.85 -2.86073 0.516262 -0.688786
798 74.25 -2.89957 -0.35828 -0.279502
589.5 87.75 -2.8025 -0.767811 -0.330681
688.5 237.6 -2.85405 -0.610036 -0.613497
594 95.85 -6.55296 -2.12068 -0.179976
510 103.95 -6.37732 -2.50572 -0.239249
553.5 155.25 -6.46891 -2.33332 -0.477249
115.5 97.2 -7.70955 -5.64885 -0.166225
31.5 95.85 -7.49287 -5.96645 -0.166585
78 145.8 -7.55475 -5.82984 -0.499943
97.5 434.7 -6.04831 -4.95204 -1.93886
12 444.15 -5.82863 -5.24165 -1.9443
25.5 333.45 -5.98198 -5.12005 -1.38224
1186.5 371.25 -4.1214 0.38683 -1.17626
1107 391.5 -3.97262 0.045639 -1.12851
1299 340.2 -4.03748 0.771927 -1.05396
