1660.5 148.5 2.39512 -1.73839 -0.489728
1582.5 263.25 2.60696 -1.58913 -0.781182
1513.5 175.5 2.73384 -1.50713 -0.516901
1576.5 348.3 3.64949 -3.53885 -0.481376
1540.5 392.85 3.86983 -3.39667 -0.763982
1513.5 346.95 3.97179 -3.29403 -0.492196
1521 403.65 5.39119 -5.57956 -0.406142
1498.5 429.3 5.61613 -5.43432 -0.67933
1482 402.3 5.70436 -5.3185 -0.408268
1453.5 425.25 7.71573 -7.18083 -0.368694
1429.5 423.9 7.99046 -6.90799 -0.369476
1438.5 441.45 7.90985 -7.09307 -0.738653
1203 415.8 10.3834 -4.01608 -0.389497
1188 430.65 10.5177 -3.80422 -0.777724
1179 414.45 10.5435 -3.6192 -0.390002
1200 364.5 6.84352 -2.36132 -0.378841
1176 395.55 7.00229 -2.13658 -0.636201
1159.5 365.85 7.02458 -1.99307 -0.382122
1216.5 307.8 4.72621 -1.49818 -0.429881
1150.5 311.85 4.88075 -1.10632 -0.477251
1176 356.4 4.83372 -1.24793 -0.74055
1258.5 148.5 3.02269 -0.808211 -0.518122
1113 167.4 3.18529 -0.432153 -0.562267
1185 251.1 3.12819 -0.611874 -0.813384
831 162 3.32659 0.393219 -0.463612
699 180.9 3.20352 0.771023 -0.545913
745.5 257.85 3.25541 0.619709 -0.786421
790.5 307.8 5.22864 1.22027 -0.372092
726 315.9 5.11213 1.61452 -0.418232
751.5 355.05 5.19615 1.45529 -0.657334
766.5 365.85 7.20927 2.19097 -0.328731
729 368.55 7.07414 2.56888 -0.393915
745.5 392.85 7.16008 2.4277 -0.657106
757.5 392.85 9.35261 3.24854 -0.346251
730.5 394.2 9.19583 3.63237 -0.345778
739.5 413.1 9.31809 3.54222 -0.692911
639 414.45 10.7683 6.47777 -0.218746
627 429.3 10.7306 6.69415 -0.663206
609 392.85 7.82011 4.80181 -0.32084
580.5 392.85 7.6071 5.18 -0.321775
594 414.45 7.74044 5.03033 -0.641493
538.5 329.4 5.01226 3.26312 -0.312662
504 371.25 4.84452 3.4743 -0.620835
484.5 334.8 4.72251 3.56676 -0.309361
474 187.65 3.03271 1.58775 -0.443862
351 186.3 2.72605 1.87955 -0.430557
388.5 272.7 2.82978 1.75598 -0.730384
