2
1885.5 286.2 3.85959 -3.40595 -0.767325
1827 218.7 3.98215 -3.30244 -0.493395
3
1818 314.55 5.39393 -5.57419 -0.406037
1734 367.2 5.59899 -5.41992 -0.677372
1707 328.05 5.7212 -5.32387 -0.409108
4
1573.5 383.4 7.96989 -6.94059 -0.369681
1629 373.95 7.72901 -7.16995 -0.368775
1588.5 406.35 7.89878 -7.10845 -0.738792
5
1222.5 403.65 10.3985 -4.00005 -0.38979
1203 421.2 10.5306 -3.78842 -0.778193
1192.5 403.65 10.5447 -3.59888 -0.389813
6
1222.5 342.9 6.84994 -2.35018 -0.378967
1194 382.05 6.99745 -2.14858 -0.636099
1173 349.65 7.03567 -1.98305 -0.382538
7
1254 275.4 4.72924 -1.49892 -0.430153
1194 337.5 4.82975 -1.26928 -0.737206
1168.5 286.2 4.87735 -1.10093 -0.473478
8
1362 4.05 3.42274 -0.938359 -0.59356
1219.5 194.4 3.12708 -0.611698 -0.81644
1143 78.3 3.18212 -0.441424 -0.55797
9
798 68.85 3.30075 0.383317 -0.491133
705 203.85 3.25252 0.612635 -0.792438
613.5 55.35 3.20721 0.771949 -0.546568
10
765 278.1 5.23161 1.21143 -0.372158
687 280.8 5.88138 1.87315 -0.535688
727.5 336.15 5.19489 1.45451 -0.65716
11
747 344.25 7.20837 2.1976 -0.338152
720 375.3 7.16234 2.41468 -0.656932
702 344.25 7.07864 2.54254 -0.393664
12
739.5 378 9.34101 3.26261 -0.346028
720 400.95 9.30993 3.51987 -0.691824
705 378 9.18507 3.62764 -0.345363
14
531 355.05 7.81273 4.81627 -0.320884
481.5 353.7 7.51272 5.09732 -0.317403
508.5 382.05 7.72983 5.04277 -0.641342
15
375 245.7 5.02689 3.25956 -0.313203
318 295.65 4.84783 3.46371 -0.620475
253.5 228.15 4.71578 3.56206 -0.30893

1885.5 286.2 3.85959 -3.40595 -0.767325
1827 218.7 3.98215 -3.30244 -0.493395
1818 314.55 5.39393 -5.57419 -0.406037
1734 367.2 5.59899 -5.41992 -0.677372
1707 328.05 5.7212 -5.32387 -0.409108
1573.5 383.4 7.96989 -6.94059 -0.369681
1629 373.95 7.72901 -7.16995 -0.368775
1588.5 406.35 7.89878 -7.10845 -0.738792
1222.5 403.65 10.3985 -4.00005 -0.38979
1203 421.2 10.5306 -3.78842 -0.778193
1192.5 403.65 10.5447 -3.59888 -0.389813
1222.5 342.9 6.84994 -2.35018 -0.378967
1194 382.05 6.99745 -2.14858 -0.636099
1173 349.65 7.03567 -1.98305 -0.382538
1254 275.4 4.72924 -1.49892 -0.430153
1194 337.5 4.82975 -1.26928 -0.737206
1168.5 286.2 4.87735 -1.10093 -0.473478
1362 4.05 3.42274 -0.938359 -0.59356
1219.5 194.4 3.12708 -0.611698 -0.81644
1143 78.3 3.18212 -0.441424 -0.55797
798 68.85 3.30075 0.383317 -0.491133
705 203.85 3.25252 0.612635 -0.792438
613.5 55.35 3.20721 0.771949 -0.546568
765 278.1 5.23161 1.21143 -0.372158
687 280.8 5.88138 1.87315 -0.535688
727.5 336.15 5.19489 1.45451 -0.65716
747 344.25 7.20837 2.1976 -0.338152
720 375.3 7.16234 2.41468 -0.656932
702 344.25 7.07864 2.54254 -0.393664
739.5 378 9.34101 3.26261 -0.346028
720 400.95 9.30993 3.51987 -0.691824
705 378 9.18507 3.62764 -0.345363
531 355.05 7.81273 4.81627 -0.320884
481.5 353.7 7.51272 5.09732 -0.317403
508.5 382.05 7.72983 5.04277 -0.641342
375 245.7 5.02689 3.25956 -0.313203
318 295.65 4.84783 3.46371 -0.620475
253.5 228.15 4.71578 3.56206 -0.30893

